3.100000000000000000e+01 2.000000000000000000e+00 1.000000000000000000e+00 1.232652200000000065e+01 1.060000000000000000e+02 0.000000000000000000e+00 9.337090000000000112e-01 -1.358001232147216797e+00 2.336920611560344696e-02 0.000000000000000000e+00
3.200000000000000000e+01 2.000000000000000000e+00 1.000000000000000000e+00 4.852713999999999750e+00 2.980000000000000000e+02 9.823680000000000190e-01 1.742460000000000120e-01 -2.908923149108886719e+00 2.665042638778686523e+00 1.000000000000000000e+00
3.300000000000000000e+01 2.000000000000000000e+00 2.000000000000000000e+00 5.846250999999999642e+00 1.210000000000000000e+02 1.113679999999999948e-01 9.398400000000000087e-01 -1.031174778938293457e+00 3.810139596462249756e-01 0.000000000000000000e+00
3.500000000000000000e+01 2.000000000000000000e+00 2.000000000000000000e+00 3.112918000000000074e+00 3.110000000000000000e+02 9.491509999999999669e-01 2.815590000000000037e-01 -2.575583696365356445e+00 2.503337383270263672e+00 1.000000000000000000e+00
5.900000000000000000e+01 7.000000000000000000e+00 3.000000000000000000e+00 2.283200100000000177e+01 1.203000000000000000e+03 4.911179999999999990e-01 6.947100000000000497e-01 -3.079363346099853516e+00 -4.971927776932716370e-02 2.000000000000000000e+00
6.000000000000000000e+01 7.000000000000000000e+00 3.000000000000000000e+00 2.306183899999999909e+01 2.793000000000000000e+03 4.575560000000000183e-01 6.683580000000000076e-01 -3.687737464904785156e+00 -2.778871953487396240e-01 3.000000000000000000e+00
6.100000000000000000e+01 7.000000000000000000e+00 3.000000000000000000e+00 2.279033300000000040e+01 1.342000000000000000e+03 5.136910000000000087e-01 6.849129999999999940e-01 -3.165777444839477539e+00 -1.290554925799369812e-02 2.000000000000000000e+00
4.500000000000000000e+01 4.000000000000000000e+00 4.100000000000000000e+01 6.768853000000000009e+00 6.360000000000000000e+02 6.699800000000000200e-01 6.379829999999999668e-01 -2.117472410202026367e+00 1.382331848144531250e+00 4.000000000000000000e+00
5.300000000000000000e+01 6.000000000000000000e+00 4.600000000000000000e+01 1.434923999999999999e+01 1.708000000000000000e+03 8.273770000000000291e-01 2.786549999999999860e-01 -3.653573989868164062e+00 1.277606368064880371e+00 5.000000000000000000e+00
5.400000000000000000e+01 6.000000000000000000e+00 4.600000000000000000e+01 1.814612100000000083e+01 4.662000000000000000e+03 1.860779999999999934e-01 8.306890000000000107e-01 -4.062552452087402344e+00 -7.579815387725830078e-01 3.000000000000000000e+00
5.500000000000000000e+01 6.000000000000000000e+00 4.600000000000000000e+01 1.440852300000000064e+01 1.885000000000000000e+03 7.635830000000000117e-01 2.979879999999999751e-01 -3.660428762435913086e+00 1.112510919570922852e+00 5.000000000000000000e+00
4.700000000000000000e+01 4.000000000000000000e+00 4.100000000000000000e+01 7.399753999999999721e+00 3.920000000000000000e+02 3.624729999999999897e-01 7.125460000000000127e-01 -1.609792351722717285e+00 8.931445479393005371e-01 0.000000000000000000e+00
4.200000000000000000e+01 3.000000000000000000e+00 4.000000000000000000e+00 1.259453800000000001e+01 1.040000000000000000e+02 5.459129999999999816e-01 4.424770000000000092e-01 -2.374212026596069336e+00 1.270617365837097168e+00 4.000000000000000000e+00
4.800000000000000000e+01 4.000000000000000000e+00 4.300000000000000000e+01 6.858451999999999771e+00 6.470000000000000000e+02 6.665470000000000006e-01 6.377460000000000351e-01 -2.119800567626953125e+00 1.370372056961059570e+00 4.000000000000000000e+00
5.600000000000000000e+01 6.000000000000000000e+00 4.900000000000000000e+01 1.445657699999999934e+01 1.749000000000000000e+03 9.112479999999999469e-01 2.438039999999999929e-01 -3.753903865814208984e+00 1.392853021621704102e+00 5.000000000000000000e+00
5.700000000000000000e+01 6.000000000000000000e+00 4.900000000000000000e+01 1.820297899999999913e+01 4.592000000000000000e+03 2.303689999999999904e-01 7.888509999999999689e-01 -4.060576438903808594e+00 -7.345318794250488281e-01 3.000000000000000000e+00
5.800000000000000000e+01 6.000000000000000000e+00 4.900000000000000000e+01 1.448822400000000066e+01 1.879000000000000000e+03 7.760880000000000001e-01 3.306370000000000142e-01 -3.648449897766113281e+00 1.079694032669067383e+00 5.000000000000000000e+00
5.000000000000000000e+01 4.000000000000000000e+00 4.300000000000000000e+01 7.818432999999999744e+00 4.650000000000000000e+02 2.070160000000000056e-01 8.654129999999999878e-01 -1.394161820411682129e+00 4.582632780075073242e-01 0.000000000000000000e+00
4.400000000000000000e+01 3.000000000000000000e+00 5.000000000000000000e+00 1.279875700000000016e+01 1.040000000000000000e+02 5.482190000000000119e-01 4.581350000000000144e-01 -2.376181125640869141e+00 1.236640691757202148e+00 4.000000000000000000e+00
6.200000000000000000e+01 7.000000000000000000e+00 6.000000000000000000e+00 2.288296400000000119e+01 1.201000000000000000e+03 4.599570000000000047e-01 7.094570000000000043e-01 -3.039420843124389648e+00 -9.940477460622787476e-02 2.000000000000000000e+00
6.300000000000000000e+01 7.000000000000000000e+00 6.000000000000000000e+00 2.310084799999999916e+01 2.777000000000000000e+03 4.407539999999999791e-01 6.685720000000000551e-01 -3.675444841384887695e+00 -2.911244630813598633e-01 3.000000000000000000e+00
6.400000000000000000e+01 7.000000000000000000e+00 6.000000000000000000e+00 2.257862799999999837e+01 1.352000000000000000e+03 5.092600000000000460e-01 6.409970000000000390e-01 -3.198488473892211914e+00 4.414789378643035889e-02 2.000000000000000000e+00
7.000000000000000000e+00 1.000000000000000000e+00 0.000000000000000000e+00 4.604369000000000156e+00 1.030000000000000000e+02 8.785330000000000084e-01 1.816900000000000112e-02 -2.903017520904541016e+00 3.078548192977905273e+00 1.000000000000000000e+00
8.000000000000000000e+00 1.000000000000000000e+00 0.000000000000000000e+00 4.545378999999999614e+00 1.080000000000000000e+02 8.326500000000000012e-01 2.275100000000000039e-02 -2.484306573867797852e+00 2.780041694641113281e+00 1.000000000000000000e+00
6.500000000000000000e+01 7.000000000000000000e+00 1.100000000000000000e+01 1.660697299999999998e+01 3.720000000000000000e+02 9.994870000000000143e-01 2.918600000000000014e-02 -3.838915586471557617e+00 2.237284660339355469e+00 6.000000000000000000e+00
6.600000000000000000e+01 7.000000000000000000e+00 1.100000000000000000e+01 1.363940099999999944e+01 3.800000000000000000e+02 9.785289999999999822e-01 1.408599999999999956e-02 -3.603785276412963867e+00 2.394189357757568359e+00 6.000000000000000000e+00
1.200000000000000000e+01 1.000000000000000000e+00 0.000000000000000000e+00 5.689955000000000318e+00 1.520000000000000000e+02 1.477900000000000047e-01 6.880500000000000504e-01 -1.130670309066772461e+00 8.753257989883422852e-01 0.000000000000000000e+00
1.300000000000000000e+01 1.000000000000000000e+00 0.000000000000000000e+00 5.451207000000000136e+00 1.570000000000000000e+02 1.054189999999999988e-01 7.233500000000000485e-01 -1.043909072875976562e+00 7.723740339279174805e-01 0.000000000000000000e+00
1.400000000000000000e+01 1.000000000000000000e+00 0.000000000000000000e+00 2.834009000000000000e+00 1.610000000000000000e+02 7.742919999999999803e-01 1.753899999999999904e-02 -2.189561843872070312e+00 3.042884349822998047e+00 1.000000000000000000e+00
1.500000000000000000e+01 1.000000000000000000e+00 0.000000000000000000e+00 2.891411999999999871e+00 1.530000000000000000e+02 7.962360000000000548e-01 0.000000000000000000e+00 -2.230642795562744141e+00 3.144469976425170898e+00 1.000000000000000000e+00
5.100000000000000000e+01 5.000000000000000000e+00 1.600000000000000000e+01 1.687617499999999993e+01 3.470000000000000000e+02 9.719320000000000181e-01 1.952100000000000016e-02 -3.844578266143798828e+00 2.224684715270996094e+00 6.000000000000000000e+00
5.200000000000000000e+01 5.000000000000000000e+00 1.600000000000000000e+01 1.333805800000000019e+01 3.540000000000000000e+02 9.997930000000000428e-01 1.486099999999999921e-02 -3.610719203948974609e+00 2.459367513656616211e+00 6.000000000000000000e+00
1.700000000000000000e+01 1.000000000000000000e+00 0.000000000000000000e+00 4.894649000000000250e+00 5.200000000000000000e+01 0.000000000000000000e+00 0.000000000000000000e+00 -8.588024377822875977e-01 2.248441219329833984e+00 7.000000000000000000e+00
1.800000000000000000e+01 1.000000000000000000e+00 0.000000000000000000e+00 4.904386999999999830e+00 4.700000000000000000e+01 5.000000000000000000e-01 0.000000000000000000e+00 -1.753040909767150879e+00 2.715822219848632812e+00 1.000000000000000000e+00
1.900000000000000000e+01 1.000000000000000000e+00 0.000000000000000000e+00 2.911436000000000135e+00 1.630000000000000000e+02 8.581720000000000459e-01 3.379700000000000065e-02 -2.472742319107055664e+00 3.210580587387084961e+00 1.000000000000000000e+00
2.000000000000000000e+01 1.000000000000000000e+00 0.000000000000000000e+00 2.889733999999999803e+00 1.620000000000000000e+02 8.541630000000000056e-01 3.695500000000000174e-02 -2.439271211624145508e+00 3.186301231384277344e+00 1.000000000000000000e+00
2.100000000000000000e+01 1.000000000000000000e+00 0.000000000000000000e+00 4.937734999999999985e+00 4.600000000000000000e+01 5.000000000000000000e-01 0.000000000000000000e+00 -1.751720428466796875e+00 2.716176509857177734e+00 1.000000000000000000e+00
2.200000000000000000e+01 1.000000000000000000e+00 0.000000000000000000e+00 3.315634999999999888e+00 1.070000000000000000e+02 1.414209999999999912e-01 7.656809999999999450e-01 -9.344822168350219727e-01 8.245009183883666992e-01 0.000000000000000000e+00
2.300000000000000000e+01 1.000000000000000000e+00 0.000000000000000000e+00 3.290233000000000185e+00 1.060000000000000000e+02 6.803800000000000125e-02 7.051159999999999650e-01 -8.493438363075256348e-01 8.815167546272277832e-01 0.000000000000000000e+00
2.400000000000000000e+01 1.000000000000000000e+00 0.000000000000000000e+00 5.003303999999999974e+00 4.600000000000000000e+01 0.000000000000000000e+00 0.000000000000000000e+00 -8.602985739707946777e-01 2.247498750686645508e+00 7.000000000000000000e+00
3.600000000000000000e+01 2.000000000000000000e+00 2.500000000000000000e+01 4.800034000000000134e+00 2.730000000000000000e+02 9.494860000000000522e-01 1.685889999999999889e-01 -2.798354387283325195e+00 2.602860689163208008e+00 1.000000000000000000e+00
3.700000000000000000e+01 2.000000000000000000e+00 2.500000000000000000e+01 5.805104000000000042e+00 1.170000000000000000e+02 2.946199999999999861e-02 9.769830000000000458e-01 -9.489117860794067383e-01 2.991979122161865234e-01 0.000000000000000000e+00
3.800000000000000000e+01 2.000000000000000000e+00 2.600000000000000000e+01 5.301209999999999534e-01 3.020000000000000000e+02 9.600199999999999845e-01 2.388979999999999992e-01 -2.635066747665405273e+00 3.473830938339233398e+00 1.000000000000000000e+00
4.000000000000000000e+01 2.000000000000000000e+00 2.600000000000000000e+01 1.875281700000000029e+01 1.270000000000000000e+02 6.946099999999999497e-02 9.835920000000000218e-01 -1.855955243110656738e+00 -2.571202516555786133e-01 -1.000000000000000000e+00
2.900000000000000000e+01 1.000000000000000000e+00 0.000000000000000000e+00 4.556649000000000171e+00 8.800000000000000000e+01 8.954530000000000545e-01 1.206100000000000054e-02 -2.957642078399658203e+00 3.136149644851684570e+00 1.000000000000000000e+00
3.000000000000000000e+01 1.000000000000000000e+00 0.000000000000000000e+00 4.585334999999999717e+00 9.500000000000000000e+01 8.879380000000000051e-01 7.127999999999999788e-03 -2.948019981384277344e+00 3.131597042083740234e+00 1.000000000000000000e+00
