1.000000000000000000e+00 1.000000000000000000e+00 0.000000000000000000e+00 6.198000000000000384e-03 9.830000000000000196e-03 4.585999999999999799e-03 9.999670000000000503e-01 5.158141999999999783e+00 1.980720877647399902e+00 2.605618238449096680e+00 0.000000000000000000e+00
5.000000000000000000e+01 5.000000000000000000e+00 2.000000000000000000e+00 7.094999999999999744e-03 1.572620000000000129e-01 4.898500000000000076e-02 8.970740000000000380e-01 4.135438999999999865e+00 1.580843806266784668e+00 3.029857397079467773e+00 0.000000000000000000e+00
5.100000000000000000e+01 5.000000000000000000e+00 2.000000000000000000e+00 3.165999999999999977e-03 1.526999999999999929e-03 2.271340000000000026e-01 1.182890000000000053e-01 2.243777000000000132e+00 1.907498240470886230e-01 7.408993244171142578e+00 1.000000000000000000e+00
3.000000000000000000e+00 1.000000000000000000e+00 0.000000000000000000e+00 4.959999999999999999e-03 7.461999999999999883e-03 3.154000000000000119e-03 9.995969999999999578e-01 3.824577999999999811e+00 2.241746425628662109e+00 3.033313274383544922e+00 0.000000000000000000e+00
1.010000000000000000e+02 1.300000000000000000e+01 7.400000000000000000e+01 1.206239999999999951e-01 6.442890000000000006e-01 6.835729999999999862e-01 7.088039999999999896e-01 1.199576999999999893e+00 -1.474869489669799805e+00 9.725852608680725098e-01 2.000000000000000000e+00
1.020000000000000000e+02 1.300000000000000000e+01 7.400000000000000000e+01 6.666500000000000203e-02 2.200699999999999878e-01 2.273409999999999875e-01 9.561279999999999779e-01 4.444899999999999962e-01 1.384074687957763672e+00 4.036956310272216797e+00 0.000000000000000000e+00
1.030000000000000000e+02 1.300000000000000000e+01 7.400000000000000000e+01 1.079969999999999958e-01 7.008069999999999578e-01 6.769789999999999974e-01 7.077679999999999527e-01 1.309439000000000020e+00 -1.522318363189697266e+00 1.042708396911621094e+00 2.000000000000000000e+00
7.500000000000000000e+01 8.000000000000000000e+00 5.900000000000000000e+01 7.041000000000000383e-03 4.240300000000000319e-02 5.408899999999999819e-01 2.174939999999999929e-01 1.535638999999999976e+00 -1.751845002174377441e+00 8.678604125976562500e+00 1.000000000000000000e+00
7.600000000000000000e+01 8.000000000000000000e+00 5.900000000000000000e+01 6.329000000000000424e-03 7.825000000000000358e-03 5.116439999999999877e-01 1.558809999999999918e-01 1.634576000000000029e+00 -1.556990027427673340e+00 8.527682304382324219e+00 1.000000000000000000e+00
6.000000000000000000e+01 6.000000000000000000e+00 5.400000000000000000e+01 1.858999999999999975e-03 2.595799999999999844e-02 6.955989999999999673e-01 1.506530000000000091e-01 3.535349000000000075e+00 -3.347060680389404297e+00 7.743879795074462891e+00 1.000000000000000000e+00
9.300000000000000000e+01 1.200000000000000000e+01 8.000000000000000000e+01 3.050800000000000040e-02 5.560999999999999971e-03 2.330669999999999964e-01 8.327400000000000080e-02 4.709905000000000008e+00 -7.869847416877746582e-01 6.256495475769042969e+00 3.000000000000000000e+00
9.400000000000000000e+01 1.200000000000000000e+01 8.000000000000000000e+01 1.386599999999999985e-02 5.319700000000000123e-02 8.957929999999999504e-01 4.459699999999999775e-02 4.059836999999999918e+00 -4.337622165679931641e+00 8.012378692626953125e+00 1.000000000000000000e+00
8.100000000000000000e+01 9.000000000000000000e+00 6.100000000000000000e+01 1.266399999999999991e-02 2.163699999999999998e-02 1.445399999999999983e-02 7.969009999999999705e-01 3.447527000000000008e+00 1.873769998550415039e+00 3.438963174819946289e+00 0.000000000000000000e+00
9.500000000000000000e+01 1.200000000000000000e+01 8.200000000000000000e+01 1.354999999999999954e-02 1.954499999999999987e-02 9.278920000000000501e-01 2.178199999999999928e-02 3.055832999999999799e+00 -4.249526023864746094e+00 8.872086524963378906e+00 1.000000000000000000e+00
9.600000000000000000e+01 1.200000000000000000e+01 8.200000000000000000e+01 3.055400000000000130e-02 1.165300000000000016e-02 2.559799999999999853e-01 8.558200000000000529e-02 4.494758000000000031e+00 -8.331520557403564453e-01 6.337151527404785156e+00 3.000000000000000000e+00
6.200000000000000000e+01 6.000000000000000000e+00 5.400000000000000000e+01 2.480000000000000000e-03 8.288900000000000434e-02 7.082819999999999672e-01 1.288219999999999921e-01 3.105156000000000027e+00 -3.185826063156127930e+00 8.015933036804199219e+00 1.000000000000000000e+00
5.500000000000000000e+01 5.000000000000000000e+00 4.000000000000000000e+01 2.696000000000000046e-03 3.432000000000000155e-03 1.003170000000000034e-01 2.142290000000000028e-01 2.198675999999999853e+00 1.208398580551147461e+00 6.886397361755371094e+00 1.000000000000000000e+00
4.800000000000000000e+01 4.000000000000000000e+00 4.100000000000000000e+01 2.909999999999999826e-03 5.000000000000000409e-06 1.253299999999999970e-01 1.966899999999999898e-02 2.085366000000000053e+00 9.221901297569274902e-01 7.394715309143066406e+00 1.000000000000000000e+00
4.900000000000000000e+01 4.000000000000000000e+00 4.100000000000000000e+01 6.279999999999999775e-04 3.110000000000000243e-04 1.744610000000000050e-01 1.041360000000000063e-01 3.839029999999999943e-01 1.084908962249755859e+00 8.547300338745117188e+00 1.000000000000000000e+00
4.200000000000000000e+01 3.000000000000000000e+00 4.000000000000000000e+00 4.020000000000000136e-04 3.650000000000000033e-03 8.295010000000000439e-01 5.910999999999999588e-03 3.245784000000000002e+00 -4.033079147338867188e+00 8.393890380859375000e+00 1.000000000000000000e+00
7.700000000000000000e+01 9.000000000000000000e+00 5.000000000000000000e+00 1.890899999999999873e-02 1.023069999999999924e+00 2.591300000000000270e-01 6.659829999999999917e-01 6.823228000000000293e+00 -1.619994401931762695e+00 3.108233690261840820e+00 4.000000000000000000e+00
7.800000000000000000e+01 9.000000000000000000e+00 5.000000000000000000e+00 8.429000000000000728e-03 6.890000000000000508e-04 1.012060000000000043e-01 1.583670000000000078e-01 2.873320999999999792e+00 6.668034791946411133e-01 6.760140895843505859e+00 1.000000000000000000e+00
7.900000000000000000e+01 9.000000000000000000e+00 5.000000000000000000e+00 8.871000000000000413e-03 2.100000000000000087e-04 9.129700000000000315e-02 1.855380000000000085e-01 2.837927000000000088e+00 8.147593140602111816e-01 6.685683727264404297e+00 1.000000000000000000e+00
7.200000000000000000e+01 8.000000000000000000e+00 5.200000000000000000e+01 6.768299999999999317e-02 4.677830000000000044e-01 1.534699999999999953e-01 9.722210000000000019e-01 4.105883000000000393e+00 6.243052482604980469e-01 2.641765117645263672e+00 0.000000000000000000e+00
7.300000000000000000e+01 8.000000000000000000e+00 5.200000000000000000e+01 6.843000000000000124e-03 2.168999999999999921e-03 7.508770000000000167e-01 2.282000000000000174e-03 2.421279000000000181e+00 -3.209473848342895508e+00 8.812814712524414062e+00 1.000000000000000000e+00
5.300000000000000000e+01 5.000000000000000000e+00 6.000000000000000000e+00 3.167999999999999809e-03 2.528499999999999845e-02 6.099710000000000409e-01 1.121499999999999997e-01 4.480230999999999852e+00 -3.276004314422607422e+00 7.084964752197265625e+00 1.000000000000000000e+00
8.600000000000000000e+01 1.100000000000000000e+01 8.300000000000000000e+01 1.269190000000000040e-01 4.044519999999999782e-01 4.675610000000000044e-01 8.255580000000000140e-01 2.085030999999999857e+00 -7.738724946975708008e-01 1.218250036239624023e+00 2.000000000000000000e+00
9.700000000000000000e+01 1.200000000000000000e+01 8.700000000000000000e+01 3.656800000000000328e-02 4.764450000000000074e-01 5.135859999999999870e-01 2.398419999999999996e-01 8.647885999999999740e+00 -3.898540735244750977e+00 4.714110851287841797e+00 1.000000000000000000e+00
9.800000000000000000e+01 1.200000000000000000e+01 8.700000000000000000e+01 3.547499999999999959e-02 4.261820000000000053e-01 4.570600000000000218e-01 2.277160000000000017e-01 9.325936999999999699e+00 -4.021205902099609375e+00 4.723904132843017578e+00 1.000000000000000000e+00
8.800000000000000000e+01 1.100000000000000000e+01 8.300000000000000000e+01 9.343300000000000216e-02 1.689270000000000049e+00 5.716010000000000257e-01 4.934140000000000192e-01 6.400271000000000043e+00 -2.927528142929077148e+00 2.044218301773071289e+00 5.000000000000000000e+00
1.120000000000000000e+02 1.500000000000000000e+01 1.090000000000000000e+02 1.746810000000000029e-01 3.511520000000000197e-01 4.218210000000000015e-01 6.549230000000000329e-01 2.529535000000000089e+00 -7.025175094604492188e-01 8.344642519950866699e-01 2.000000000000000000e+00
1.130000000000000000e+02 1.500000000000000000e+01 1.090000000000000000e+02 1.700540000000000107e-01 4.992130000000000178e-01 4.507519999999999860e-01 5.784000000000000252e-01 3.720143999999999895e+00 -8.770724534988403320e-01 9.535965919494628906e-01 2.000000000000000000e+00
1.190000000000000000e+02 1.600000000000000000e+01 1.140000000000000000e+02 3.233409999999999895e-01 4.887299999999999978e-02 7.364600000000000313e-02 9.788550000000000306e-01 1.434301000000000048e+00 5.179107189178466797e-01 -1.427428871393203735e-01 6.000000000000000000e+00
1.200000000000000000e+02 1.600000000000000000e+01 1.140000000000000000e+02 3.172229999999999772e-01 1.226349999999999940e-01 9.100900000000000656e-02 9.817160000000000331e-01 1.805350999999999928e+00 5.006601810455322266e-01 -1.235281229019165039e-01 6.000000000000000000e+00
1.150000000000000000e+02 1.500000000000000000e+01 1.100000000000000000e+02 4.178400000000000170e-02 7.140999999999999778e-03 5.223950000000000538e-01 6.232599999999999946e-02 2.368503000000000025e+00 -1.957455515861511230e+00 7.958232879638671875e+00 1.000000000000000000e+00
1.160000000000000000e+02 1.500000000000000000e+01 1.100000000000000000e+02 3.623599999999999738e-02 3.081700000000000064e-02 4.574170000000000180e-01 9.362199999999999689e-02 2.880994999999999973e+00 -1.662477254867553711e+00 7.444113254547119141e+00 1.000000000000000000e+00
1.110000000000000000e+02 1.400000000000000000e+01 1.040000000000000000e+02 1.488369999999999971e-01 2.356075000000000141e+00 3.746039999999999925e-01 6.638929999999999554e-01 7.788642000000000287e+00 -3.174483776092529297e+00 1.858680129051208496e+00 5.000000000000000000e+00
1.050000000000000000e+02 1.300000000000000000e+01 8.900000000000000000e+01 1.418399999999999939e-01 6.053309999999999524e-01 5.291550000000000420e-01 7.165719999999999867e-01 3.058720000000000105e+00 -1.099098443984985352e+00 1.176805615425109863e+00 2.000000000000000000e+00
1.060000000000000000e+02 1.300000000000000000e+01 8.900000000000000000e+01 2.379739999999999911e-01 6.567299999999999527e-02 2.006000000000000144e-02 9.976070000000000215e-01 4.985129999999999839e+00 4.889834821224212646e-01 9.004154056310653687e-02 6.000000000000000000e+00
1.170000000000000000e+02 1.600000000000000000e+01 1.070000000000000000e+02 1.615880000000000094e-01 2.346149999999999902e-01 5.378659999999999553e-01 2.344910000000000050e-01 6.968366999999999756e+00 -3.689846992492675781e+00 3.651938438415527344e+00 1.000000000000000000e+00
1.180000000000000000e+02 1.600000000000000000e+01 1.070000000000000000e+02 1.549079999999999901e-01 2.496790000000000120e-01 5.413489999999999691e-01 2.430630000000000013e-01 7.262157000000000195e+00 -3.710870981216430664e+00 3.700660228729248047e+00 1.000000000000000000e+00
1.080000000000000000e+02 1.300000000000000000e+01 8.900000000000000000e+01 1.257780000000000009e-01 7.681529999999999747e-01 4.916479999999999739e-01 7.560090000000000421e-01 3.120095000000000063e+00 -1.209399938583374023e+00 1.420087456703186035e+00 2.000000000000000000e+00
9.000000000000000000e+01 1.100000000000000000e+01 8.400000000000000000e+01 9.168000000000000801e-03 4.104100000000000109e-02 7.577509999999999524e-01 6.346999999999999864e-02 2.678758999999999890e+00 -3.292401552200317383e+00 8.514951705932617188e+00 1.000000000000000000e+00
9.100000000000000000e+01 1.100000000000000000e+01 8.400000000000000000e+01 2.808000000000000166e-03 4.095700000000000035e-02 8.137419999999999654e-01 7.276000000000000523e-02 2.989815000000000111e+00 -3.802522182464599609e+00 8.459458351135253906e+00 1.000000000000000000e+00
9.200000000000000000e+01 1.100000000000000000e+01 8.400000000000000000e+01 7.034999999999999587e-03 1.000000000000000082e-05 3.541389999999999816e-01 1.157999999999999958e-03 1.287285000000000013e+00 -2.131116539239883423e-01 8.447912216186523438e+00 1.000000000000000000e+00
8.500000000000000000e+01 1.000000000000000000e+01 6.700000000000000000e+01 9.992199999999999693e-02 2.035986999999999991e+00 9.846799999999999997e-02 8.548980000000000468e-01 7.401059000000000054e+00 -3.135435342788696289e+00 1.871494293212890625e+00 5.000000000000000000e+00
6.800000000000000000e+01 7.000000000000000000e+00 5.600000000000000000e+01 0.000000000000000000e+00 0.000000000000000000e+00 0.000000000000000000e+00 0.000000000000000000e+00 0.000000000000000000e+00 2.012555122375488281e+00 8.357510566711425781e+00 1.000000000000000000e+00
6.900000000000000000e+01 7.000000000000000000e+00 5.700000000000000000e+01 2.050799999999999845e-02 4.700499999999999817e-02 5.394499999999999851e-01 5.568200000000000233e-02 5.608183999999999614e+00 -3.431792736053466797e+00 6.332774162292480469e+00 1.000000000000000000e+00
7.000000000000000000e+01 7.000000000000000000e+00 5.700000000000000000e+01 7.924000000000000488e-03 1.351300000000000071e-02 7.052000000000000109e-03 9.975530000000000230e-01 3.164699999999999847e+00 2.282766342163085938e+00 3.334127426147460938e+00 0.000000000000000000e+00
7.100000000000000000e+01 7.000000000000000000e+00 5.700000000000000000e+01 1.374300000000000001e-02 4.786699999999999983e-02 5.976690000000000058e-01 5.449799999999999783e-02 6.624170000000000336e+00 -3.856648206710815430e+00 6.052534580230712891e+00 1.000000000000000000e+00
5.800000000000000000e+01 6.000000000000000000e+00 4.300000000000000000e+01 8.427999999999999728e-03 2.815799999999999900e-02 4.231700000000000045e-02 6.205129999999999812e-01 1.557857000000000047e+00 2.037633895874023438e+00 4.863518238067626953e+00 0.000000000000000000e+00
4.400000000000000000e+01 3.000000000000000000e+00 7.000000000000000000e+00 3.795000000000000196e-03 6.999999999999999895e-06 1.523130000000000039e-01 2.258200000000000138e-02 8.943320000000000158e-01 1.118737101554870605e+00 8.241864204406738281e+00 1.000000000000000000e+00
4.500000000000000000e+01 3.000000000000000000e+00 7.000000000000000000e+00 2.386000000000000100e-03 5.414000000000000409e-03 3.453229999999999911e-01 9.708999999999999575e-02 1.435796999999999990e+00 -2.866430580615997314e-01 8.203598976135253906e+00 1.000000000000000000e+00
8.000000000000000000e+00 1.000000000000000000e+00 0.000000000000000000e+00 6.522799999999999432e-02 0.000000000000000000e+00 0.000000000000000000e+00 0.000000000000000000e+00 0.000000000000000000e+00 2.507317066192626953e+00 8.038871765136718750e+00 1.000000000000000000e+00
9.000000000000000000e+00 1.000000000000000000e+00 0.000000000000000000e+00 1.230000000000000082e-04 3.735700000000000132e-02 5.700399999999999912e-02 9.859569999999999723e-01 4.056049999999999933e-01 2.533353805541992188e+00 4.174927234649658203e+00 0.000000000000000000e+00
1.000000000000000000e+01 1.000000000000000000e+00 0.000000000000000000e+00 2.749999999999999840e-03 9.570700000000000041e-02 6.098909999999999609e-01 1.273130000000000095e-01 4.705468999999999902e+00 -3.329710960388183594e+00 6.923809528350830078e+00 1.000000000000000000e+00
1.100000000000000000e+01 1.000000000000000000e+00 0.000000000000000000e+00 1.351999999999999903e-03 0.000000000000000000e+00 1.000000000000000000e+00 0.000000000000000000e+00 1.000000000000000021e-03 -3.626512527465820312e+00 9.935765266418457031e+00 1.000000000000000000e+00
1.200000000000000000e+01 1.000000000000000000e+00 0.000000000000000000e+00 6.999999999999999929e-04 1.402400000000000001e-02 3.101900000000000143e-02 9.844110000000000360e-01 8.559200000000000141e-02 2.642575263977050781e+00 4.244648456573486328e+00 0.000000000000000000e+00
1.300000000000000000e+01 1.000000000000000000e+00 0.000000000000000000e+00 4.922000000000000160e-03 4.132000000000000256e-03 2.405000000000000020e-03 9.997610000000000108e-01 3.885918999999999901e+00 2.245514631271362305e+00 3.003156185150146484e+00 0.000000000000000000e+00
4.600000000000000000e+01 4.000000000000000000e+00 1.400000000000000000e+01 4.758000000000000076e-03 7.099269999999999747e-01 2.798829999999999929e-01 9.128190000000000470e-01 4.608935999999999922e+00 -4.218376874923706055e-01 3.024830818176269531e+00 0.000000000000000000e+00
4.700000000000000000e+01 4.000000000000000000e+00 1.400000000000000000e+01 3.272000000000000169e-03 6.160700000000000204e-02 8.021880000000000122e-01 6.935700000000000198e-02 2.131435000000000191e+00 -3.443137645721435547e+00 9.094696998596191406e+00 1.000000000000000000e+00
1.500000000000000000e+01 1.000000000000000000e+00 0.000000000000000000e+00 5.590000000000000351e-04 3.999999999999999819e-06 5.389200000000000240e-02 2.665599999999999914e-02 2.524939999999999962e-01 1.763097167015075684e+00 8.235592842102050781e+00 1.000000000000000000e+00
1.600000000000000000e+01 1.000000000000000000e+00 0.000000000000000000e+00 6.229000000000000162e-03 1.761000000000000065e-02 4.799000000000000314e-03 9.999639999999999640e-01 5.147108000000000239e+00 1.954228401184082031e+00 2.612763166427612305e+00 0.000000000000000000e+00
9.900000000000000000e+01 1.300000000000000000e+01 3.800000000000000000e+01 1.511400000000000070e-02 2.863620000000000054e-01 4.845809999999999840e-01 4.054280000000000106e-01 4.089906000000000041e+00 -2.317967176437377930e+00 6.222161293029785156e+00 -1.000000000000000000e+00
1.000000000000000000e+02 1.300000000000000000e+01 3.800000000000000000e+01 1.677299999999999972e-02 8.712860000000000049e-01 4.354399999999999937e-01 4.724889999999999923e-01 4.397139000000000131e+00 -1.527372360229492188e+00 3.204265594482421875e+00 4.000000000000000000e+00
6.300000000000000000e+01 7.000000000000000000e+00 3.900000000000000000e+01 6.599999999999999964e-03 3.903000000000000219e-02 5.227829999999999977e-01 2.196470000000000089e-01 2.549281000000000130e+00 -2.015569925308227539e+00 7.881322860717773438e+00 1.000000000000000000e+00
6.400000000000000000e+01 7.000000000000000000e+00 3.900000000000000000e+01 2.587800000000000170e-02 2.347349999999999992e-01 4.776779999999999915e-01 1.310270000000000046e-01 8.956272999999999485e+00 -4.084862709045410156e+00 5.012002468109130859e+00 1.000000000000000000e+00
6.500000000000000000e+01 7.000000000000000000e+00 3.900000000000000000e+01 2.585099999999999898e-02 2.170799999999999952e-01 4.715570000000000039e-01 1.357190000000000063e-01 8.905571000000000126e+00 -4.077636241912841797e+00 5.029547214508056641e+00 1.000000000000000000e+00
6.600000000000000000e+01 7.000000000000000000e+00 3.900000000000000000e+01 6.930999999999999661e-03 1.402300000000000074e-02 4.339839999999999809e-01 2.100849999999999940e-01 1.890088999999999908e+00 -1.083318233489990234e+00 8.081484794616699219e+00 1.000000000000000000e+00
1.900000000000000000e+01 1.000000000000000000e+00 0.000000000000000000e+00 4.719999999999999803e-04 9.000000000000000228e-06 5.379699999999999760e-02 1.055770000000000042e-01 9.033489999999999576e-01 1.691498517990112305e+00 7.485283374786376953e+00 1.000000000000000000e+00
2.000000000000000000e+01 1.000000000000000000e+00 0.000000000000000000e+00 5.903000000000000261e-03 6.409999999999999682e-04 1.696769999999999945e-01 1.064279999999999948e-01 1.056227000000000027e+00 9.219067692756652832e-01 7.962094306945800781e+00 1.000000000000000000e+00
2.100000000000000000e+01 1.000000000000000000e+00 0.000000000000000000e+00 1.659599999999999964e-02 3.924999999999999670e-03 4.939439999999999942e-01 3.596699999999999897e-02 5.505130000000000301e-01 -1.196271657943725586e+00 9.185858726501464844e+00 1.000000000000000000e+00
2.400000000000000000e+01 1.000000000000000000e+00 0.000000000000000000e+00 1.613900000000000057e-02 5.604999999999999739e-03 4.533670000000000200e-01 5.534599999999999936e-02 1.012105000000000032e+00 -9.640400409698486328e-01 8.750876426696777344e+00 1.000000000000000000e+00
2.600000000000000000e+01 1.000000000000000000e+00 0.000000000000000000e+00 7.100999999999999673e-03 5.259999999999999919e-04 1.812960000000000127e-01 6.705300000000000149e-02 1.445848999999999940e+00 6.801237463951110840e-01 7.837769508361816406e+00 1.000000000000000000e+00
2.700000000000000000e+01 1.000000000000000000e+00 0.000000000000000000e+00 6.380000000000000037e-04 6.586000000000000187e-02 1.545549999999999979e-01 8.820900000000000407e-01 9.762579999999999592e-01 2.165424823760986328e+00 4.233275413513183594e+00 0.000000000000000000e+00
2.900000000000000000e+01 1.000000000000000000e+00 0.000000000000000000e+00 4.500000000000000283e-05 3.499999999999999693e-05 5.600399999999999823e-02 9.017699999999999327e-02 3.761309999999999931e-01 1.822311520576477051e+00 7.734271526336669922e+00 1.000000000000000000e+00
3.000000000000000000e+01 1.000000000000000000e+00 0.000000000000000000e+00 1.859999999999999945e-04 1.407490000000000130e-01 4.046440000000000037e-01 3.267559999999999909e-01 6.595349999999999824e-01 -3.850355744361877441e-01 9.099228858947753906e+00 1.000000000000000000e+00
3.100000000000000000e+01 1.000000000000000000e+00 0.000000000000000000e+00 1.257000000000000088e-03 2.383999999999999835e-03 1.255000000000000039e-02 7.084310000000000329e-01 4.017160000000000175e-01 2.396276235580444336e+00 4.772496700286865234e+00 0.000000000000000000e+00
3.200000000000000000e+01 1.000000000000000000e+00 0.000000000000000000e+00 2.126999999999999984e-03 0.000000000000000000e+00 7.071070000000000411e-01 7.071070000000000411e-01 1.413999999999999892e-03 -1.709090948104858398e+00 1.059690189361572266e+01 1.000000000000000000e+00
3.300000000000000000e+01 1.000000000000000000e+00 0.000000000000000000e+00 1.213099999999999942e-02 0.000000000000000000e+00 6.803860000000000463e-01 0.000000000000000000e+00 6.538150000000000350e-01 -2.454451799392700195e+00 9.460161209106445312e+00 1.000000000000000000e+00
3.500000000000000000e+01 1.000000000000000000e+00 0.000000000000000000e+00 1.139500000000000061e-02 0.000000000000000000e+00 6.494349999999999845e-01 0.000000000000000000e+00 3.184279999999999888e-01 -2.147174596786499023e+00 9.546451568603515625e+00 1.000000000000000000e+00
3.600000000000000000e+01 1.000000000000000000e+00 0.000000000000000000e+00 1.360000000000000098e-03 0.000000000000000000e+00 5.000000000000000000e-01 0.000000000000000000e+00 3.000000000000000062e-03 -1.084173202514648438e+00 9.522562980651855469e+00 1.000000000000000000e+00
